epoch	value
0	2.119149017333984
1	1.7568969317844936
2	1.4069632938929966
3	1.2003418104989187
4	1.195440537588937
5	1.2667067664010183
6	1.31060756955828
7	1.155384465626308
8	1.2051101957048689
9	1.209597955431257
10	1.1515328679765975
11	1.3200354712350029
12	1.3479412351335798
13	1.3480513845171247
14	1.2256049156188964
15	1.2514243534633092
16	1.2211314337594168
17	1.2380000250680105
18	1.2252704960959298
19	1.1676330021449497
20	1.2137766701834543
21	1.1644158703940255
22	1.135282700402396
23	1.1991350037711008
24	1.201867253439767
25	1.1169139521462577
26	1.0489860330309186
27	1.1373030526297434
28	1.0149109022957938
29	1.0487384932381767
30	1.0275936671665737
31	1.0780684743608748
32	1.0205556460789271
33	1.0583987644740513
34	1.0626091275896346
35	1.0966495377676828
36	1.0556063379560199
37	0.9866746698107038
38	1.0148382868085588
39	0.925115932737078
40	0.9350960459027972
41	0.8955566542489188
42	0.9172407150268554
43	0.8551240580422538
44	0.7873782362256732
45	0.8330951281956264
46	0.837444121497018
47	0.913872241973877
48	0.9884336199079241
49	0.9096676009041923
50	0.8696889059884207
51	0.8155390875680106
52	0.8413143430437361
53	0.8005246775490897
54	0.7459403310503279
55	0.7888522829328265
56	0.8261343547276088
57	0.813651738848005
58	0.82689574105399
59	0.7703312533242362
60	0.7650634288787842
61	0.7342852524348668
62	0.7190782070159912
63	0.7218661648886544
64	0.7258890526635307
65	0.7442859785897391
66	0.6937917028154645
67	0.7102001701082502
68	0.680338089806693
69	0.6612345286778041
70	0.722798388344901
71	0.6594701358250209
72	0.7084090948104859
73	0.651115608215332
74	0.6272189480917795
75	0.6903427192143031
76	0.7046029772077288
77	0.6919468266623361
78	0.699822998046875
79	0.7336045810154506
80	0.6567413125719342
81	0.6590872662408012
82	0.662691102709089
83	0.6051939759935652
84	0.6350601945604597
85	0.5556733540126255
86	0.5659940617425101
87	0.4716705730983189
88	0.44794066292898993
89	0.47635534490857806
90	0.5002962521144322
91	0.48077430043901714
92	0.426939480645316
93	0.4184914367539542
94	0.49228880746023995
95	0.5369784082685198
96	0.569410160609654
97	0.41350529875074116
98	0.5146287509373256
99	0.3741765396935599
100	0.4265004941395351
101	0.4782789639064244
102	0.42005599566868373
103	0.43511787823268344
104	0.44858957018171036
105	0.4404193537575858
106	0.5013000386101859
107	0.418663706098284
108	0.3992013079779489
109	0.4886819226401193
110	0.48949026380266464
111	0.4693233149392264
112	0.49100039686475483
113	0.45354362555912564
114	0.5383099828447614
115	0.4879915237426758
116	0.4162955624716623
117	0.5069366863795689
118	0.4393761157989502
