epoch	value
0	11.614285387311662
1	11.161439732142858
2	10.31959718976702
3	9.25944584437779
4	8.283138711111887
5	7.49951547895159
6	7.058733149937221
7	6.867409297398159
8	7.019719478062221
9	6.828955732073102
10	6.935602297101702
11	6.96283209664481
12	6.675839396885463
13	6.752967453002929
14	6.662295423235212
15	6.629874910627093
16	6.5342184339250835
17	6.474004636492048
18	6.504212842668806
19	6.51808477129255
20	6.396027864728655
21	6.361592320033482
22	6.246826008387974
23	6.20574722290039
24	5.957914079938616
25	5.692505046299526
26	5.62579961504255
27	5.635647038051061
28	5.362578855242048
29	5.221680995396206
30	5.207900101797922
31	5.176856613159179
32	5.1488487243652346
33	5.075400733947754
34	4.7742268698556085
35	4.6964647020612444
36	4.573376192365374
37	4.430308369227818
38	4.677887671334403
39	4.550106048583984
40	4.440395682198661
41	4.473003768920899
42	4.347092601231166
43	4.349872970581055
44	4.243744822910854
45	4.136957686288016
46	4.168246023995536
47	4.142225728716169
48	4.2832439967564175
49	4.173440551757812
50	4.148714365277971
51	4.032270785740444
52	4.049832153320312
53	4.193838500976563
54	4.010640689304897
55	3.8930558340890067
56	3.7675443376813615
57	3.8382444654192245
58	3.8746041979108536
59	3.6762178148542133
60	3.500055013384138
61	3.4731103352137973
62	3.4521636962890625
63	3.400277028764997
64	3.4734965188162668
65	3.4795501436506
66	3.4767621449061803
67	3.449124881199428
68	3.358009583609445
69	3.295027051653181
70	3.577163369315011
71	3.2816052845546175
72	3.387075969151088
73	3.479052407400949
74	3.2419938768659318
75	3.377431924002511
76	3.234651565551758
77	3.1796183177403043
78	3.026061167035784
79	3.153886876787458
80	2.8950230734688893
81	2.845907756260463
82	2.718763623918806
83	2.5021250316074917
84	2.5446101324898858
85	2.2305456025259836
86	2.2863424846104214
87	2.025339617047991
88	2.178263555254255
89	2.2697538920811247
90	2.1002183505467005
91	2.18044673374721
92	2.109154074532645
93	2.314471735273089
94	2.067604146684919
95	2.271616036551339
96	2.1191550391060967
97	1.9307290894644602
98	1.9273928506033762
99	1.9605145590645927
100	1.9788869040352957
101	1.9879875183105469
102	2.024552277156285
103	1.9695349284580776
104	1.8878893307277134
105	1.866807188306536
106	1.919554819379534
107	2.1344332558768135
108	1.8510305949619839
109	1.9588367053440638
110	1.857682364327567
111	1.7888708387102399
112	1.9644834654671806
113	1.723470960344587
114	1.7991260256086077
115	1.7687419210161481
116	1.5526256016322544
117	1.5549692290169852
118	1.614210523877825
