epoch	value
0	11.594528089250836
1	11.144886779785157
2	10.306172561645507
3	9.247775159563338
4	8.27140017918178
5	7.4870510646275115
6	7.045806612287249
7	6.856087929861886
8	7.007822254725865
9	6.817060307094029
10	6.924221856253488
11	6.949804088047572
12	6.6625143323625835
13	6.7396289825439455
14	6.650169863019671
15	6.6175231388636995
16	6.522113200596401
17	6.461720275878906
18	6.492041615077428
19	6.506513813563756
20	6.384018162318639
21	6.350080817086356
22	6.235605348859514
23	6.193918010166713
24	5.946099635532924
25	5.681466456821987
26	5.615380532400948
27	5.624410765511649
28	5.352521732875279
29	5.211311394827707
30	5.197734614780971
31	5.1662327085222515
32	5.138692746843611
33	5.064952686854771
34	4.76367677961077
35	4.685611016409737
36	4.56290956224714
37	4.42054500579834
38	4.667823682512556
39	4.540957123892648
40	4.431140545436314
41	4.464125551496234
42	4.338004384722028
43	4.341408484322685
44	4.235969679696219
45	4.128730637686593
46	4.159947259085519
47	4.133165958949498
48	4.273463112967355
49	4.164412334987095
50	4.140080179486956
51	4.024177796500069
52	4.041532625470842
53	4.185950796944755
54	4.003254045758928
55	3.885330363682338
56	3.7594410215105327
57	3.8302806309291295
58	3.866452217102051
59	3.66863226209368
60	3.4925403050013952
61	3.4658602033342634
62	3.4450286592756
63	3.393142536708287
64	3.46630129132952
65	3.4721677780151365
66	3.469914654323033
67	3.4420922960553852
68	3.3512786592756
69	3.2884766714913503
70	3.570007814679827
71	3.2751032965523854
72	3.3801263536725727
73	3.472637231009347
74	3.2357561111450197
75	3.37060546875
76	3.227743857247489
77	3.1727621623447964
78	3.01916629246303
79	3.1466439383370535
80	2.888557243347168
81	2.839482797895159
82	2.7123219626290456
83	2.4961582456316265
84	2.538433647155762
85	2.225098296574184
86	2.28084990637643
87	2.0207258769444056
88	2.1738801411220003
89	2.2651066507611954
90	2.0952876227242605
91	2.175751277378627
92	2.1049767085484095
93	2.3103698321751187
94	2.0627564021519254
95	2.2663744109017507
96	2.1136471203395297
97	1.9266481672014508
98	1.9224124908447267
99	1.9568440846034458
100	1.9746859414236886
101	1.983299309866769
102	2.0204503195626393
103	1.9652684892926897
104	1.8834953853062222
105	1.8624863624572754
106	1.9146643502371652
107	2.130326870509556
108	1.8471194131033761
109	1.9540549686976842
110	1.8529613767351423
111	1.7843111310686384
112	1.9598370824541365
113	1.7190420423235213
114	1.7938555036272321
115	1.7639547620500837
116	1.5485509055001394
117	1.5500261443001884
118	1.6099223000662668
